function E=zbl(r,Z1,Z2)

epsilon=8.854187817e-12/(1.602176565e-19)^2/(0.239005736*6.0221413e23/1000)/1e10;
x=r/(0.4685/(Z1^0.23+Z2^0.23));
E=Z1*Z2./(4*pi*r*epsilon).*(0.18175*exp(-3.1998*x)+0.50986*exp(-0.94229*x)+0.28022*exp(-0.40290*x)+0.02817*exp(-0.20162*x));
